,importances_mean,importances_std,feature_importances,anova_si_kbin_10
f0,0.000831656889168686,8.72086215691888e-06,0.007067297066848792,19.605165940266502
f1,0.0011070181506353748,1.7826972253316442e-05,0.007410697606593374,37.318391187779945
f2,0.0017267538950515916,1.3104305608096492e-05,0.009395230076853665,0.244961189451738
f3,0.0035800519145370857,3.417017688478064e-05,0.013983732858990645,95.06440850966749
f4,0.0011895501280794196,1.8011648204963576e-05,0.008192218074628225,8.890818223157297
f5,0.0013963582152343168,2.611448034816807e-05,0.008351437058440386,25.461225263842472
f6,0.0009349846069208412,9.176447322583658e-06,0.007550146540183781,12.282186004357223
f7,0.0024650182548618727,4.8109128073804e-05,0.009202996530739992,1.461159269926291
f8,0.0009819140966195294,1.274615987797463e-05,0.007649031896796803,11.145931281543604
f9,0.0012147550752055203,1.2756586525460359e-05,0.007936293177596134,13.867608288321263
f10,0.0008293408682696346,8.587243035298938e-06,0.006972084960367955,2.564107158287158
f11,0.0010481767361851357,1.3912347885559447e-05,0.006695386598685658,10.713481542052724
f12,0.0010553989173851086,1.5603909927827876e-05,0.008396412117906168,11.06529760923333
f13,0.015313862087185992,0.00023886132939518267,0.0186706618765955,136.75093722383318
f14,0.0014552347861278348,1.9873360215619446e-05,0.007689887082528201,5.753208947579762
f15,0.0009834399872385325,1.6758333007113737e-05,0.008048365697494418,2.7891708302497418
f16,0.0011395527073823851,2.0007080704570082e-05,0.008433288992341002,16.463135548217114
f17,0.0013443971003219367,2.146956978137796e-05,0.009217999034534576,20.67022689227667
f18,0.0015377216632541102,9.57971628371888e-06,0.009131400560672562,44.65087977721484
f19,0.001051150250053523,1.142183093021752e-05,0.007365333925057256,6.037263370872857
f20,0.0008763699888437615,1.3654569794038695e-05,0.007259812960171285,0.01032143591479198
f21,0.0012624023973376365,1.2180671662756927e-05,0.009427086442434658,28.819017144596486
f22,0.0017536908301811094,2.584639811049866e-05,0.010670531855994817,4.8358015114719475
f23,0.0012201648989627611,2.6023633104585492e-05,0.009816469059742393,24.56498992298244
f24,0.0009017067322024342,1.283906063233444e-05,0.007431386453656128,0.0019813495824197356
f25,0.013308357264319847,0.00018562658101851275,0.024285414320704246,183.38843170176423
f26,0.0011021655763745475,1.3105186333931985e-05,0.009600759458577374,0.5217426612998636
f27,0.0012341897056066253,2.031342110171984e-05,0.00902357429639914,5.820577530216871
f28,0.004070321959758605,3.8446939957632864e-05,0.012303354327948327,110.04349304446566
f29,0.0014668077833896564,1.9947388354221605e-05,0.009861880579053224,12.288875080621219
f30,0.0009938364028346247,1.6048216831823976e-05,0.007444402778882413,1.469735139056383
f31,0.001532305391743216,1.846277587202257e-05,0.009330830348573531,69.96284379688841
f32,0.0014459566303776095,2.2892723502431475e-05,0.00935669982819577,44.2547421291523
f33,0.0011323164583630474,1.8716940047416464e-05,0.008448746339937616,5.20275243057551
f34,0.0008916105659916961,1.605917507146701e-05,0.007777122141927121,25.85438717981402
f35,0.0010618687621980038,1.903304635446692e-05,0.00818182347692963,6.965434209644779
f36,0.0013552838421964307,2.0299606887749368e-05,0.00819909221861712,8.32226603226914
f37,0.001471965486393001,1.9763124261811914e-05,0.009157564376217139,4.445320732710607
f38,0.0008926972859859105,5.873521559521311e-06,0.007089245769479885,15.04788870663034
f39,0.007508255664733177,0.00010027157260658932,0.015564419005936816,52.26116263169404
f40,0.0008077053966266234,1.3129821799038429e-05,0.0070722891343374785,2.314435057493044
f41,0.0040525797373052955,0.00010131374066917741,0.014771969039244546,2.5637225282906035
f42,0.0008956191243044587,8.298458148178597e-06,0.007543606656435791,0.8017356677490298
f43,0.0011883674877849026,1.9787586854927076e-05,0.008517821442677395,35.28215862563216
f44,0.001020792425039363,7.638325604951157e-06,0.008267902532913216,1.8019473760854665
f45,0.0011209429836807616,1.7853068687815974e-05,0.009014059070398865,7.939688547120065
f46,0.005064994924685251,4.5108773083583114e-05,0.0140680791597079,144.50014312218164
f47,0.0013872905786557533,1.9423493685999182e-05,0.008143094619474062,33.487080392437626
f48,0.0011858808105768225,1.606308283612501e-05,0.007836407368082988,26.14047629025762
f49,0.0013840485695243542,1.3926751004802648e-05,0.009242521789539365,2.1047785980457885
f50,0.0015725787020867022,1.6254690729068893e-05,0.009032382347786416,16.618665695725625
f51,0.0038506663155727706,5.0590132429672536e-05,0.012256392263944019,60.09212210543194
f52,0.0312302325471867,0.0001743491153054496,0.026215155245180775,257.03815785479065
f53,0.001836936024615299,2.7017857480523438e-05,0.010883401695873393,64.44708948877054
f54,0.0011740873339591618,1.1838978134298693e-05,0.008852881740062445,21.183069278015132
f55,0.0014397940386387865,2.6519735644585614e-05,0.00975525140957294,29.9129207939456
f56,0.0014063693328083104,2.3312963114732436e-05,0.008429312574686668,1.1316490240206407
f57,0.0014559608917741108,2.6384004015337183e-05,0.009756527757073903,0.32882684726310235
f58,0.0025174342425278275,2.92671727489401e-05,0.010827442139244655,104.45986435370523
f59,0.0015140642493338575,2.2110781066237214e-05,0.009549838132148167,8.335038063971778
f60,0.0011637923993080945,1.5895785357741255e-05,0.008772500539772628,0.0005442347073422944
f61,0.0010887919492453047,1.4130620241326564e-05,0.007938595483309817,2.9158595590871106
f62,0.0009518468461438556,1.0909503593813131e-05,0.007809749382475553,4.513883606707494
f63,0.002062612972686062,2.935862333312907e-05,0.008715473523875718,52.80877649760766
f64,0.002273576634940988,2.96113330096257e-05,0.010033258499794782,70.58461511750592
f65,0.003141312727142431,4.1099005533588427e-05,0.01226504065092676,72.33158690251261
f66,0.00528217762642833,3.311725303123611e-05,0.013627423688010499,129.85713910662088
f67,0.0015349653253370677,1.3493769623358629e-05,0.0109980516551683,1.7093647974860868
f68,0.001025197180870563,2.072023721081113e-05,0.007955897282949102,0.0958131965093182
f69,0.0045698184943148475,5.530394001086399e-05,0.012887739369898107,69.2604010341318
f70,0.0032990703886151885,3.867070633031747e-05,0.012739096012015385,55.97361713908879
f71,0.0011731035585482164,1.5460563918249493e-05,0.008609141808918615,0.0016241325455384583
f72,0.0007546911090707709,1.2068880547754742e-05,0.006799042759459359,0.1037496159636635
f73,0.004576898890454895,7.60062806529979e-05,0.0115268720488493,59.230780419645576
f74,0.00477014697625835,9.425742348228995e-05,0.014193470295423534,101.14767122932237
f75,0.0010373184809236546,1.2908956485394125e-05,0.007535274924632409,0.7482651321583884
f76,0.0013583332802530657,1.2216062879172151e-05,0.00907820550464326,31.995755812691936
f77,0.008536685142318512,7.851106916693182e-05,0.02562554710632115,13.649233757951139
f78,0.001270784194045027,1.2465985384750784e-05,0.008893435087452906,44.412981635866046
f79,0.001076101304885857,1.460058915368478e-05,0.007549159454353006,13.448330380493113
f80,0.0016038710959057068,2.3167417314481542e-05,0.00908788672803498,3.5747087097965213
f81,0.012249857882132176,0.00014069850800777005,0.028870972797281656,5.500641014850088
f82,0.0011431483118840458,1.0414546628842055e-05,0.007947884154340076,22.130998514242155
f83,0.0011175019355953552,2.422655596746197e-05,0.007936651780908873,2.7405882651619686
f84,0.001620384067481917,1.8751772114545037e-05,0.008433459443712127,59.88390031970352
f85,0.001586071063235861,9.912687724752454e-06,0.009523077076021211,26.55211347126283
f86,0.0011080693840380463,1.952265125221448e-05,0.008053234990146896,0.38071949245644854
f87,0.0008546912748320423,1.6240432778154046e-05,0.007055964489159036,0.04277706178939947
f88,0.0016427974927510358,2.3914824563338512e-05,0.009554045991808936,42.596352614728936
f89,0.0010426824967711078,1.015363696302197e-05,0.007564591136287422,0.48688401193231956
f90,0.001288609753684855,1.7803736860603566e-05,0.009741549548528744,2.0224249790213045
f91,0.0013203261215005146,1.7223141521191478e-05,0.00921219082734613,2.3700021360601653
f92,0.001003484634971119,9.942547907878816e-06,0.007353555970769431,19.75600351572202
f93,0.002565886951120222,3.771318422922354e-05,0.01340753029220608,14.960689405867566
f94,0.0011058552063506367,1.9696633280582124e-05,0.007914657981029107,19.53981273644015
f95,0.0008090813066984004,1.4158808448990152e-05,0.006992032309944776,4.678420145459618
f96,0.0039646889489419745,5.1989268872034005e-05,0.013753833759953187,81.43818613572118
f97,0.0010789370852890667,2.411022834842753e-05,0.009402540190345837,5.998564769793162
f98,0.0012206392316314817,2.7310499645803265e-05,0.007832575539798667,15.354216597948076
f99,0.0010663153534603675,2.0469043455268172e-05,0.009182336022507764,19.039280484239367
